Integral of e^(x^2) on [0, 1]
----------------------------------------
Trapezoidal: 1.4626521990
Simpson:     1.4626517459
Gauss:       1.4626517459
Reference:   1.4626517459
